TITLE :  STAP90 input data 1 H8 element
        (23:28:7 on May 24, 2025, Saturday)

C O N T R O L   I N F O R M A T I O N

      NUMBER OF NODAL POINTS . . . . . . . . . . (NUMNP)  =     8
      NUMBER OF ELEMENT GROUPS . . . . . . . . . (NUMEG)  =     1
      NUMBER OF LOAD CASES . . . . . . . . . . . (NLCASE) =     1
      SOLUTION MODE  . . . . . . . . . . . . . . (MODEX)  =     1
         EQ.0, DATA CHECK
         EQ.1, EXECUTION

 N O D A L   P O I N T   D A T A

    NODE       BOUNDARY                         NODAL POINT
   NUMBER  CONDITION  CODES                     COORDINATES
        1    1    1    1       0.00000e+00    1.00000e+00    0.00000e+00
        2    1    1    1       1.00000e+00    0.00000e+00    0.00000e+00
        3    1    1    1       1.00000e+00    1.00000e+00    0.00000e+00
        4    1    1    1       0.00000e+00    1.00000e+00    0.00000e+00
        5    0    0    1       0.00000e+00    0.00000e+00    1.00000e+00
        6    0    0    1       1.00000e+00    0.00000e+00    1.00000e+00
        7    0    0    1       1.00000e+00    1.00000e+00    2.00000e+00
        8    0    0    1       0.00000e+00    1.00000e+00    2.00000e+00

 EQUATION NUMBERS

   NODE NUMBER   DEGREES OF FREEDOM
        N           X    Y    Z
        1           0    0    0    0    0    0
        2           0    0    0    0    0    0
        3           0    0    0    0    0    0
        4           0    0    0    0    0    0
        5           1    2    3    0    0    0
        6           4    5    6    0    0    0
        7           7    8    9    0    0    0
        8          10   11   12    0    0    0

 L O A D   C A S E   D A T A

     LOAD CASE NUMBER . . . . . . . =     1
     SURFACE  FORCES OF H8 ELEMENTS . =     1

 ELEMENT       1-NODE        2-NODE        3-NODE        4-NODE        TX1-LOAD       TY1-LOAD       TZ1-LOAD       TX2-LOAD       TY2-LOAD       TZ2-LOAD       TX3-LOAD       TY3-LOAD       TZ3-LOAD       TX4-LOAD       TY4-LOAD       TZ4-LOAD
 NUMBER        NUMBER        NUMBER        NUMBER        NUMBER        MAGNITUDE      MAGNITUDE      MAGNITUDE      MAGNITUDE      MAGNITUDE      MAGNITUDE      MAGNITUDE      MAGNITUDE      MAGNITUDE      MAGNITUDE      MAGNITUDE      MAGNITUDE
   1            3            4            8            7       0.00000e+00      -1.00000e+01       0.00000e+00       0.00000e+00      -1.00000e+01       0.00000e+00       0.00000e+00      -1.00000e+01       0.00000e+00       0.00000e+00      -1.00000e+01       0.00000e+00

 E L E M E N T   G R O U P   D A T A


 E L E M E N T   D E F I N I T I O N

 ELEMENT TYPE  . . . . . . . . . . . . .( NPAR(1) ) . . =    7
     EQ.1, TRUSS ELEMENTS
     EQ.2, ELEMENTS CURRENTLY
     EQ.3, NOT AVAILABLE
     EQ.4, Q8
     EQ.7, H8

 NUMBER OF ELEMENTS. . . . . . . . . . .( NPAR(2) ) . . =    1

 M A T E R I A L   D E F I N I T I O N

 NUMBER OF DIFFERENT SETS OF MATERIAL    1

  SET       YOUNG'S        POISSON'S        THICK        PLANE-
 NUMBER     MODULUS          RATIO          -NESS        STRAIN
               E              nu              t           FLAG
    1     3.00000e+07     3.00000e-01


 E L E M E N T   I N F O R M A T I O N
 ELEMENT     NODE       NODE     	NODE      NODE      NODE       NODE        NODE        NODE        MATERIAL
 NUMBER-N      I          J         K         L         M          N           O           P          SET NUMBER
    1          1          2          3          4          5          6          7          8           1

   Ele =        Location Matrix
        1    0    0    0    0    0    0    0    0    0    0    0    0    1    2    3    4    5    6    7    8    9   10   11   12

*** _Debug_ *** Column Heights
       0       1       2       3       4       5       6       7       8       9      10      11

*** _Debug_ *** Address of Diagonal Element
       1       2       4       7      11      16      22      29      37      46      56      67      79

	TOTAL SYSTEM DATA

     NUMBER OF EQUATIONS . . . . . . . . . . . . . .(NEQ) = 12
     NUMBER OF MATRIX ELEMENTS . . . . . . . . . . .(NWK) = 78
     MAXIMUM HALF BANDWIDTH  . . . . . . . . . . . .(MK ) = 12
     MEAN HALF BANDWIDTH . . . . . . . . . . . . . .(MM ) = 6


*** _Debug_ *** Banded stiffness matrix
   8.98627e+06   1.26951e+07   3.70829e+06   3.97409e+06  -1.01304e+06  -6.57479e+05
   4.36082e+06   3.33689e+05  -2.49265e+06  -5.91804e+06   1.29343e+07  -2.14044e+06
  -9.46787e+05   6.40735e+06   3.27658e+06   5.74297e+06  -2.77411e+06   5.49929e+05
   2.42927e+06  -9.46787e+05  -1.10862e+06   7.96120e+06   6.86574e+05  -3.25671e+06
   3.14812e+06   3.13924e+05  -3.08060e+06  -4.61310e+06   3.83453e+06   1.62835e+06
  -5.36021e+05  -5.74598e+06   1.07022e+06  -4.88145e+05  -2.96329e+06  -1.63829e+06
   3.53911e+06   1.71032e+06   1.57979e+06  -3.47446e+05  -1.49756e+06   6.86574e+05
  -3.73287e+05  -9.68914e+05  -1.12838e+06   6.87397e+06  -1.35889e+06  -1.34432e+06
  -7.22871e+06  -4.07229e+05   2.68863e+06  -2.36951e+06  -1.52030e+05   2.47278e+06
   3.07898e+06   4.01513e+06  -1.23639e+06   9.65226e+05   1.96241e+06   1.54030e+06
  -4.88145e+05  -2.96329e+06   1.24633e+06  -1.41656e+06  -6.10717e+06  -1.85415e+06
   3.93824e+06   2.15059e+06  -1.24610e+06   1.86934e+06   9.65226e+05   1.52573e+06
  -3.73287e+05  -9.68914e+05   1.03508e+06  -1.14570e+06  -2.37810e+06  -1.59434e+06


*** _Debug_ *** Full stiffness matrix
   8.98627e+06   3.70829e+06  -6.57479e+05  -5.91804e+06   3.27658e+06  -1.10862e+06  -4.61310e+06  -1.63829e+06  -1.12838e+06   3.07898e+06  -1.85415e+06  -1.59434e+06
   3.70829e+06   1.26951e+07  -1.01304e+06  -2.49265e+06   6.40735e+06  -9.46787e+05  -3.08060e+06  -2.96329e+06  -9.68914e+05   2.47278e+06  -6.10717e+06  -2.37810e+06
  -6.57479e+05  -1.01304e+06   3.97409e+06   3.33689e+05  -9.46787e+05   2.42927e+06   3.13924e+05  -4.88145e+05  -3.73287e+05  -1.52030e+05  -1.41656e+06  -1.14570e+06
  -5.91804e+06  -2.49265e+06   3.33689e+05   4.36082e+06  -2.14044e+06   5.49929e+05   3.14812e+06   1.07022e+06   6.86574e+05  -2.36951e+06   1.24633e+06   1.03508e+06
   3.27658e+06   6.40735e+06  -9.46787e+05  -2.14044e+06   1.29343e+07  -2.77411e+06  -3.25671e+06  -5.74598e+06  -1.49756e+06   2.68863e+06  -2.96329e+06  -9.68914e+05
  -1.10862e+06  -9.46787e+05   2.42927e+06   5.49929e+05  -2.77411e+06   5.74297e+06   6.86574e+05  -5.36021e+05  -3.47446e+05  -4.07229e+05  -4.88145e+05  -3.73287e+05
  -4.61310e+06  -3.08060e+06   3.13924e+05   3.14812e+06  -3.25671e+06   6.86574e+05   7.96120e+06   1.62835e+06   1.57979e+06  -7.22871e+06   1.54030e+06   1.52573e+06
  -1.63829e+06  -2.96329e+06  -4.88145e+05   1.07022e+06  -5.74598e+06  -5.36021e+05   1.62835e+06   3.83453e+06   1.71032e+06  -1.34432e+06   1.96241e+06   9.65226e+05
  -1.12838e+06  -9.68914e+05  -3.73287e+05   6.86574e+05  -1.49756e+06  -3.47446e+05   1.57979e+06   1.71032e+06   3.53911e+06  -1.35889e+06   9.65226e+05   1.86934e+06
   3.07898e+06   2.47278e+06  -1.52030e+05  -2.36951e+06   2.68863e+06  -4.07229e+05  -7.22871e+06  -1.34432e+06  -1.35889e+06   6.87397e+06  -1.23639e+06  -1.24610e+06
  -1.85415e+06  -6.10717e+06  -1.41656e+06   1.24633e+06  -2.96329e+06  -4.88145e+05   1.54030e+06   1.96241e+06   9.65226e+05  -1.23639e+06   4.01513e+06   2.15059e+06
  -1.59434e+06  -2.37810e+06  -1.14570e+06   1.03508e+06  -9.68914e+05  -3.73287e+05   1.52573e+06   9.65226e+05   1.86934e+06  -1.24610e+06   2.15059e+06   3.93824e+06

*** _Debug_ *** Banded stiffness matrix
   8.98627e+06   1.11648e+07   4.12662e-01   3.87672e+06  -6.64334e-02  -7.31649e-02
   4.60466e+05  -2.64806e-02  -4.52330e-03  -6.58564e-01   9.41310e+06   6.61028e-02
  -9.57564e-02   4.52781e-01   3.64621e-01   3.77869e+06  -2.03822e-01  -2.62908e-01
   5.97322e-01  -4.38252e-02  -1.23368e-01   5.32370e+06  -1.64557e-02  -1.12425e-01
   2.21683e-01  -2.62544e-02  -1.05415e-01  -5.13349e-01   6.43839e+05   8.29056e-03
  -3.30104e-01  -4.44402e-01  -8.50681e-02  -1.96032e-01  -2.04860e-01  -1.82310e-01
   2.15266e+06   1.17128e+00   1.58242e-01  -1.10841e-01  -9.56500e-02  -1.55868e-01
  -1.26210e-01  -4.50766e-02  -1.25567e-01  -2.26645e-25   3.24478e-16   0.00000e+00
  -1.00000e+00   1.64557e-02   1.12425e-01  -7.21683e-01   3.94947e-02   1.07677e-01
   3.42631e-01   3.10470e+05  -1.02729e+15   1.96743e-02   2.88042e-01  -3.08586e-03
   4.37767e-02  -5.07890e-03  -1.07313e-01  -4.91939e-01  -4.78470e-01  -2.06331e-01
   2.01649e+06   7.09898e-01  -0.00000e+00   5.12127e-01   3.58571e-01   1.00693e-01
   5.69139e-02   2.79784e-02  -1.28413e-01  -3.55102e-01  -1.54071e-01  -1.77419e-01


*** _Debug_ *** Full stiffness matrix
   8.98627e+06   4.12662e-01  -7.31649e-02  -6.58564e-01   3.64621e-01  -1.23368e-01  -5.13349e-01  -1.82310e-01  -1.25567e-01   3.42631e-01  -2.06331e-01  -1.77419e-01
   4.12662e-01   1.11648e+07  -6.64334e-02  -4.52330e-03   4.52781e-01  -4.38252e-02  -1.05415e-01  -2.04860e-01  -4.50766e-02   1.07677e-01  -4.78470e-01  -1.54071e-01
  -7.31649e-02  -6.64334e-02   3.87672e+06  -2.64806e-02  -9.57564e-02   5.97322e-01  -2.62544e-02  -1.96032e-01  -1.26210e-01   3.94947e-02  -4.91939e-01  -3.55102e-01
  -6.58564e-01  -4.52330e-03  -2.64806e-02   4.60466e+05   6.61028e-02  -2.62908e-01   2.21683e-01  -8.50681e-02  -1.55868e-01  -7.21683e-01  -1.07313e-01  -1.28413e-01
   3.64621e-01   4.52781e-01  -9.57564e-02   6.61028e-02   9.41310e+06  -2.03822e-01  -1.12425e-01  -4.44402e-01  -9.56500e-02   1.12425e-01  -5.07890e-03   2.79784e-02
  -1.23368e-01  -4.38252e-02   5.97322e-01  -2.62908e-01  -2.03822e-01   3.77869e+06  -1.64557e-02  -3.30104e-01  -1.10841e-01   1.64557e-02   4.37767e-02   5.69139e-02
  -5.13349e-01  -1.05415e-01  -2.62544e-02   2.21683e-01  -1.12425e-01  -1.64557e-02   5.32370e+06   8.29056e-03   1.58242e-01  -1.00000e+00  -3.08586e-03   1.00693e-01
  -1.82310e-01  -2.04860e-01  -1.96032e-01  -8.50681e-02  -4.44402e-01  -3.30104e-01   8.29056e-03   6.43839e+05   1.17128e+00   0.00000e+00   2.88042e-01   3.58571e-01
  -1.25567e-01  -4.50766e-02  -1.26210e-01  -1.55868e-01  -9.56500e-02  -1.10841e-01   1.58242e-01   1.17128e+00   2.15266e+06   3.24478e-16   1.96743e-02   5.12127e-01
   3.42631e-01   1.07677e-01   3.94947e-02  -7.21683e-01   1.12425e-01   1.64557e-02  -1.00000e+00   0.00000e+00   3.24478e-16  -2.26645e-25  -1.02729e+15  -0.00000e+00
  -2.06331e-01  -4.78470e-01  -4.91939e-01  -1.07313e-01  -5.07890e-03   4.37767e-02  -3.08586e-03   2.88042e-01   1.96743e-02  -1.02729e+15   3.10470e+05   7.09898e-01
  -1.77419e-01  -1.54071e-01  -3.55102e-01  -1.28413e-01   2.79784e-02   5.69139e-02   1.00693e-01   3.58571e-01   5.12127e-01  -0.00000e+00   7.09898e-01   2.01649e+06

*** _Debug_ *** Displacement vector
   0.00000e+00   0.00000e+00   0.00000e+00   0.00000e+00   0.00000e+00
   0.00000e+00   0.00000e+00  -3.20000e+02   0.00000e+00   0.00000e+00  -3.20000e+02
   0.00000e+00

*** _Debug_ *** Displacement vector
  -3.59785e+11  -5.85431e-04  -6.04630e-04  -3.59785e+11  -3.10521e-04
  -1.01089e-04  -7.19569e+11  -6.29041e-04   3.86335e-04  -7.19569e+11  -1.22280e-03
   8.84969e-05

 D I S P L A C E M E N T S

  NODE            X-DISPLACEMENT    Y-DISPLACEMENT    Z-DISPLACEMENT
    1               0.00000e+00       0.00000e+00       0.00000e+00       0.00000e+00       0.00000e+00       0.00000e+00
    2               0.00000e+00       0.00000e+00       0.00000e+00       0.00000e+00       0.00000e+00       0.00000e+00
    3               0.00000e+00       0.00000e+00       0.00000e+00       0.00000e+00       0.00000e+00       0.00000e+00
    4               0.00000e+00       0.00000e+00       0.00000e+00       0.00000e+00       0.00000e+00       0.00000e+00
    5              -3.59785e+11      -5.85431e-04      -6.04630e-04       0.00000e+00       0.00000e+00       0.00000e+00
    6              -3.59785e+11      -3.10521e-04      -1.01089e-04       0.00000e+00       0.00000e+00       0.00000e+00
    7              -7.19569e+11      -6.29041e-04       3.86335e-04       0.00000e+00       0.00000e+00       0.00000e+00
    8              -7.19569e+11      -1.22280e-03       8.84969e-05       0.00000e+00       0.00000e+00       0.00000e+00

 S T R E S S  C A L C U L A T I O N S  F O R  E L E M E N T  G R O U P    1

ELEMENT NUMBER   x-coord      y-coord      z-coord     Sigma_xx     Sigma_yy     Sigma_zz     Sigma_xy     Sigma_xz     Sigma_yz
GAUSSPOINT NUMBER
       1-1           2.11325e-01           7.01887e-01       2.55983e-01          -3.81153e+03          -2.62848e+03          -4.27396e+03          -1.51165e+03           0.00000e+00           0.00000e+00       2
       1-2           2.11325e-01           3.42771e-01       9.55342e-01           5.96266e+03           2.11716e+03           2.91039e+03           6.60489e+02           0.00000e+00           0.00000e+00       2
       1-3           2.11325e-01           9.20121e-01       3.77992e-01          -3.11643e+03          -1.10484e+03           1.03398e+02          -2.38043e+03           0.00000e+00           0.00000e+00       2
       1-4           2.11325e-01           8.23896e-01       1.41068e+00          -1.36991e+03          -8.24485e+02           1.03678e+03           1.16098e+02           0.00000e+00           0.00000e+00       2
       1-5           7.88675e-01           3.42771e-01       2.55983e-01          -5.35460e+03          -3.00328e+03          -4.26405e+03          -2.57010e+03           0.00000e+00           0.00000e+00       2
       1-6           7.88675e-01           2.46546e-01       9.55342e-01           5.16328e+03           1.59119e+03           1.45441e+03           9.09391e+02           0.00000e+00           0.00000e+00       2
       1-7           7.88675e-01           8.23896e-01       3.77992e-01          -1.02553e+03           9.66279e+02           3.80729e+03          -3.14158e+03           0.00000e+00           0.00000e+00       2
       1-8           7.88675e-01           7.98113e-01       1.41068e+00          -2.04332e+03          -1.19968e+03           1.89795e+03          -4.90584e+02           0.00000e+00           0.00000e+00       2


 S O L U T I O N   T I M E   L O G   I N   S E C 

     TIME FOR INPUT PHASE = 3.20000e-02
     TIME FOR CALCULATION OF STIFFNESS MATRIX = 6.60000e-02
     TIME FOR FACTORIZATION AND LOAD CASE SOLUTIONS = 1.06000e-01

     T O T A L   S O L U T I O N   T I M E = 2.04000e-01

