TITLE :  STAP90 input data 1 H8 element
        (22:7:2 on June 5, 2025, Thursday)

C O N T R O L   I N F O R M A T I O N

      NUMBER OF NODAL POINTS . . . . . . . . . . (NUMNP)  =     8
      NUMBER OF ELEMENT GROUPS . . . . . . . . . (NUMEG)  =     1
      NUMBER OF LOAD CASES . . . . . . . . . . . (NLCASE) =     1
      SOLUTION MODE  . . . . . . . . . . . . . . (MODEX)  =     1
         EQ.0, DATA CHECK
         EQ.1, EXECUTION

 N O D A L   P O I N T   D A T A

    NODE       BOUNDARY                         NODAL POINT
   NUMBER  CONDITION  CODES                     COORDINATES
        1    1    1    1       0.00000e+00    0.00000e+00    0.00000e+00
        2    1    1    1       1.00000e+00    0.00000e+00    0.00000e+00
        3    1    1    1       1.00000e+00    1.00000e+00    0.00000e+00
        4    1    1    1       0.00000e+00    1.00000e+00    0.00000e+00
        5    0    0    0       0.00000e+00    0.00000e+00    1.00000e+00
        6    0    0    0       1.00000e+00    0.00000e+00    1.00000e+00
        7    0    0    0       1.00000e+00    1.00000e+00    1.00000e+00
        8    0    0    0       0.00000e+00    1.00000e+00    1.00000e+00

 EQUATION NUMBERS

   NODE NUMBER   DEGREES 	OF 	FREEDOM
        N           X    Y    Z    x    y    z
        1           0    0    0  N/A  N/A  N/A
        2           0    0    0  N/A  N/A  N/A
        3           0    0    0  N/A  N/A  N/A
        4           0    0    0  N/A  N/A  N/A
        5           1    2    3  N/A  N/A  N/A
        6           4    5    6  N/A  N/A  N/A
        7           7    8    9  N/A  N/A  N/A
        8          10   11   12  N/A  N/A  N/A

 L O A D   C A S E   D A T A

     LOAD CASE NUMBER . . . . . . . =     1
     NUMBER OF CONCENTRATED LOADS . =     4

    NODE       DIRECTION      LOAD
   NUMBER                   MAGNITUDE
      3            2       -2.50000e+00
      4            2       -2.50000e+00
      7            2       -2.50000e+00
      8            2       -2.50000e+00

 E L E M E N T   G R O U P   D A T A


 E L E M E N T   D E F I N I T I O N

 ELEMENT TYPE  . . . . . . . . . . . . .( NPAR(1) ) . . =    7
     EQ.1, TRUSS ELEMENTS
     EQ.2, ELEMENTS CURRENTLY
     EQ.3, NOT AVAILABLE
     EQ.4, Q8
     EQ.7, H8
     EQ.11, Tet4

 NUMBER OF ELEMENTS. . . . . . . . . . .( NPAR(2) ) . . =    1

 M A T E R I A L   D E F I N I T I O N

 NUMBER OF DIFFERENT SETS OF MATERIAL    1

  SET       YOUNG'S        POISSON'S       
 NUMBER     MODULUS          RATIO          
               E              nu            
    1     3.00000e+07     3.00000e-01


 E L E M E N T   I N F O R M A T I O N
 ELEMENT     NODE       NODE     	NODE      NODE      NODE       NODE        NODE        NODE        MATERIAL
 NUMBER-N      I          J         K         L         M          N           O           P          SET NUMBER
    1          1          2          3          4          5          6          7          8           1

   Ele =        Location Matrix
        1    0    0    0    0    0    0    0    0    0    0    0    0    1    2    3    4    5    6    7    8    9   10   11   12

*** _Debug_ *** Column Heights
       0       1       2       3       4       5       6       7       8       9      10      11

*** _Debug_ *** Address of Diagonal Element
       1       2       4       7      11      16      22      29      37      46      56      67      79

	TOTAL SYSTEM DATA

     NUMBER OF EQUATIONS . . . . . . . . . . . . . .(NEQ) = 12
     NUMBER OF MATRIX ELEMENTS . . . . . . . . . . .(NWK) = 78
     MAXIMUM HALF BANDWIDTH  . . . . . . . . . . . .(MK ) = 12
     MEAN HALF BANDWIDTH . . . . . . . . . . . . . .(MM ) = 6


*** _Debug_ *** Banded stiffness matrix
   7.05128e+06   7.05128e+06   2.40385e+06   7.05128e+06  -2.40385e+06  -2.40385e+06
   7.05128e+06   4.80769e+05  -4.80769e+05  -3.20513e+06   7.05128e+06  -2.40385e+06
  -1.20192e+06   1.60256e+06   4.80769e+05   7.05128e+06  -2.40385e+06   2.40385e+06
   1.60256e+06  -1.20192e+06  -4.80769e+05   7.05128e+06   1.20192e+06  -4.80769e+05
   1.60256e+06   2.40385e+05  -2.40385e+06  -2.56410e+06   7.05128e+06   2.40385e+06
   4.80769e+05  -3.20513e+06   4.80769e+05   2.40385e+05  -2.56410e+06  -2.40385e+06
   7.05128e+06   2.40385e+06   2.40385e+06   1.60256e+06  -4.80769e+05   1.20192e+06
  -1.60256e+05  -2.40385e+05  -2.40385e+05   7.05128e+06  -4.80769e+05  -4.80769e+05
  -3.20513e+06  -2.40385e+05   2.40385e+06  -2.56410e+06  -1.20192e+06   4.80769e+05
   1.60256e+06   7.05128e+06  -2.40385e+06   1.20192e+06   1.60256e+06   4.80769e+05
   2.40385e+05  -2.56410e+06   2.40385e+06   4.80769e+05  -3.20513e+06  -4.80769e+05
   7.05128e+06   2.40385e+06  -2.40385e+06   1.60256e+06   1.20192e+06   4.80769e+05
  -1.60256e+05  -2.40385e+05   2.40385e+05   1.60256e+06  -4.80769e+05  -1.20192e+06


*** _Debug_ *** Full stiffness matrix
   7.05128e+06   2.40385e+06  -2.40385e+06  -3.20513e+06   4.80769e+05  -4.80769e+05  -2.56410e+06  -2.40385e+06  -2.40385e+05   1.60256e+06  -4.80769e+05  -1.20192e+06
   2.40385e+06   7.05128e+06  -2.40385e+06  -4.80769e+05   1.60256e+06  -1.20192e+06  -2.40385e+06  -2.56410e+06  -2.40385e+05   4.80769e+05  -3.20513e+06  -4.80769e+05
  -2.40385e+06  -2.40385e+06   7.05128e+06   4.80769e+05  -1.20192e+06   1.60256e+06   2.40385e+05   2.40385e+05  -1.60256e+05  -1.20192e+06   4.80769e+05   1.60256e+06
  -3.20513e+06  -4.80769e+05   4.80769e+05   7.05128e+06  -2.40385e+06   2.40385e+06   1.60256e+06   4.80769e+05   1.20192e+06  -2.56410e+06   2.40385e+06   2.40385e+05
   4.80769e+05   1.60256e+06  -1.20192e+06  -2.40385e+06   7.05128e+06  -2.40385e+06  -4.80769e+05  -3.20513e+06  -4.80769e+05   2.40385e+06  -2.56410e+06  -2.40385e+05
  -4.80769e+05  -1.20192e+06   1.60256e+06   2.40385e+06  -2.40385e+06   7.05128e+06   1.20192e+06   4.80769e+05   1.60256e+06  -2.40385e+05   2.40385e+05  -1.60256e+05
  -2.56410e+06  -2.40385e+06   2.40385e+05   1.60256e+06  -4.80769e+05   1.20192e+06   7.05128e+06   2.40385e+06   2.40385e+06  -3.20513e+06   4.80769e+05   4.80769e+05
  -2.40385e+06  -2.56410e+06   2.40385e+05   4.80769e+05  -3.20513e+06   4.80769e+05   2.40385e+06   7.05128e+06   2.40385e+06  -4.80769e+05   1.60256e+06   1.20192e+06
  -2.40385e+05  -2.40385e+05  -1.60256e+05   1.20192e+06  -4.80769e+05   1.60256e+06   2.40385e+06   2.40385e+06   7.05128e+06  -4.80769e+05   1.20192e+06   1.60256e+06
   1.60256e+06   4.80769e+05  -1.20192e+06  -2.56410e+06   2.40385e+06  -2.40385e+05  -3.20513e+06  -4.80769e+05  -4.80769e+05   7.05128e+06  -2.40385e+06  -2.40385e+06
  -4.80769e+05  -3.20513e+06   4.80769e+05   2.40385e+06  -2.56410e+06   2.40385e+05   4.80769e+05   1.60256e+06   1.20192e+06  -2.40385e+06   7.05128e+06   2.40385e+06
  -1.20192e+06  -4.80769e+05   1.60256e+06   2.40385e+05  -2.40385e+05  -1.60256e+05   4.80769e+05   1.20192e+06   1.60256e+06  -2.40385e+06   2.40385e+06   7.05128e+06

*** _Debug_ *** Banded stiffness matrix
   7.05128e+06   6.23179e+06   3.40909e-01   5.82899e+06  -2.54237e-01  -3.40909e-01
   5.49860e+06  -7.82852e-02   9.81882e-02  -4.54545e-01   5.57938e+06  -4.32692e-01
  -1.15331e-01   2.30859e-01   6.81818e-02   5.41196e+06  -1.73224e-01   4.32692e-01
   2.01538e-01  -1.66569e-01  -6.81818e-02   5.39944e+06   1.44993e-01   2.66564e-02
   9.22425e-02  -1.75443e-01  -2.45470e-01  -3.63636e-01   3.71322e+06   1.95963e-01
  -1.08730e-02  -5.34413e-01  -9.46871e-02  -1.75443e-01  -2.79953e-01  -3.40909e-01
   4.81596e+06   5.28956e-01   3.63191e-01   2.12201e-01   1.71424e-03   1.97523e-01
  -4.84623e-02  -2.54237e-02  -3.40909e-02   3.66669e+06   2.69841e-02   2.86478e-01
  -5.13637e-01   1.94630e-01   2.54136e-01  -3.42243e-01  -1.15331e-01  -1.05202e-02
   2.27273e-01   3.08544e+06  -3.98147e-01   1.84309e-01   1.03975e-01  -9.63586e-02
  -2.60313e-01  -1.47424e-01   4.45241e-01  -7.82852e-02  -4.88019e-01  -6.81818e-02
   4.38994e+06   4.04258e-01  -5.65212e-01   2.46514e-01   2.26550e-01   5.82693e-02
  -7.72134e-02  -1.72281e-02  -3.76467e-02   2.01538e-01  -1.13968e-02  -1.70455e-01


*** _Debug_ *** Full stiffness matrix
   7.05128e+06   3.40909e-01  -3.40909e-01  -4.54545e-01   6.81818e-02  -6.81818e-02  -3.63636e-01  -3.40909e-01  -3.40909e-02   2.27273e-01  -6.81818e-02  -1.70455e-01
   3.40909e-01   6.23179e+06  -2.54237e-01   9.81882e-02   2.30859e-01  -1.66569e-01  -2.45470e-01  -2.79953e-01  -2.54237e-02  -1.05202e-02  -4.88019e-01  -1.13968e-02
  -3.40909e-01  -2.54237e-01   5.82899e+06  -7.82852e-02  -1.15331e-01   2.01538e-01  -1.75443e-01  -1.75443e-01  -4.84623e-02  -1.15331e-01  -7.82852e-02   2.01538e-01
  -4.54545e-01   9.81882e-02  -7.82852e-02   5.49860e+06  -4.32692e-01   4.32692e-01   9.22425e-02  -9.46871e-02   1.97523e-01  -3.42243e-01   4.45241e-01  -3.76467e-02
   6.81818e-02   2.30859e-01  -1.15331e-01  -4.32692e-01   5.57938e+06  -1.73224e-01   2.66564e-02  -5.34413e-01   1.71424e-03   2.54136e-01  -1.47424e-01  -1.72281e-02
  -6.81818e-02  -1.66569e-01   2.01538e-01   4.32692e-01  -1.73224e-01   5.41196e+06   1.44993e-01  -1.08730e-02   2.12201e-01   1.94630e-01  -2.60313e-01  -7.72134e-02
  -3.63636e-01  -2.45470e-01  -1.75443e-01   9.22425e-02   2.66564e-02   1.44993e-01   5.39944e+06   1.95963e-01   3.63191e-01  -5.13637e-01  -9.63586e-02   5.82693e-02
  -3.40909e-01  -2.79953e-01  -1.75443e-01  -9.46871e-02  -5.34413e-01  -1.08730e-02   1.95963e-01   3.71322e+06   5.28956e-01   2.86478e-01   1.03975e-01   2.26550e-01
  -3.40909e-02  -2.54237e-02  -4.84623e-02   1.97523e-01   1.71424e-03   2.12201e-01   3.63191e-01   5.28956e-01   4.81596e+06   2.69841e-02   1.84309e-01   2.46514e-01
   2.27273e-01  -1.05202e-02  -1.15331e-01  -3.42243e-01   2.54136e-01   1.94630e-01  -5.13637e-01   2.86478e-01   2.69841e-02   3.66669e+06  -3.98147e-01  -5.65212e-01
  -6.81818e-02  -4.88019e-01  -7.82852e-02   4.45241e-01  -1.47424e-01  -2.60313e-01  -9.63586e-02   1.03975e-01   1.84309e-01  -3.98147e-01   3.08544e+06   4.04258e-01
  -1.70455e-01  -1.13968e-02   2.01538e-01  -3.76467e-02  -1.72281e-02  -7.72134e-02   5.82693e-02   2.26550e-01   2.46514e-01  -5.65212e-01   4.04258e-01   4.38994e+06

*** _Debug_ *** Displacement vector
   0.00000e+00   0.00000e+00   0.00000e+00   0.00000e+00   0.00000e+00
   0.00000e+00   0.00000e+00  -2.50000e+00   0.00000e+00   0.00000e+00  -2.50000e+00
   0.00000e+00

*** _Debug_ *** Displacement vector
  -1.08591e-07  -6.36845e-07  -2.81151e-07   1.08591e-07  -6.36845e-07
  -2.81151e-07  -3.99802e-08  -8.57123e-07   3.46151e-07   3.99802e-08  -8.57123e-07
   3.46151e-07

 D I S P L A C E M E N T S

  NODE            X-DISPLACEMENT    Y-DISPLACEMENT    Z-DISPLACEMENT    X-ROTATION    Y-ROTATION    Z-ROTATION
    1               0.00000e+00       0.00000e+00       0.00000e+00         N/A          N/A            N/A
    2               0.00000e+00       0.00000e+00       0.00000e+00         N/A          N/A            N/A
    3               0.00000e+00       0.00000e+00       0.00000e+00         N/A          N/A            N/A
    4               0.00000e+00       0.00000e+00       0.00000e+00         N/A          N/A            N/A
    5              -1.08591e-07      -6.36845e-07      -2.81151e-07         N/A          N/A            N/A
    6               1.08591e-07      -6.36845e-07      -2.81151e-07         N/A          N/A            N/A
    7              -3.99802e-08      -8.57123e-07       3.46151e-07         N/A          N/A            N/A
    8               3.99802e-08      -8.57123e-07       3.46151e-07         N/A          N/A            N/A

 S T R E S S  C A L C U L A T I O N S  F O R  E L E M E N T  G R O U P    1

ELEMENT NUMBER   x-coord      y-coord      z-coord           Sigma_xx           Sigma_yy           Sigma_zz           Sigma_xy           Sigma_xz           Sigma_yz
GAUSSPOINT NUMBER
  1-1       2.11325e-01    2.11325e-01    2.11325e-01      -2.05977e+00      -3.88691e+00      -6.24160e+00           2.09157e-01      -5.14249e-01      -6.35574e+00
  1-2       2.11325e-01    2.11325e-01    7.88675e-01      -6.61173e-01      -7.48018e+00      -6.90000e+00           7.80586e-01      -5.14249e-01      -2.17683e+00
  1-3       2.11325e-01    7.88675e-01    2.11325e-01       2.74451e+00       1.75399e+00       7.75714e+00           2.09157e-01       5.71798e-02      -7.82317e+00
  1-4       2.11325e-01    7.88675e-01    7.88675e-01       1.43100e-01      -3.55356e+00       5.38445e+00           7.80586e-01       5.71798e-02      -3.64426e+00
  1-5       7.88675e-01    2.11325e-01    2.11325e-01      -2.05977e+00      -3.88691e+00      -6.24160e+00          -2.09157e-01       5.14249e-01      -6.35574e+00
  1-6       7.88675e-01    2.11325e-01    7.88675e-01      -6.61173e-01      -7.48018e+00      -6.90000e+00          -7.80586e-01       5.14249e-01      -2.17683e+00
  1-7       7.88675e-01    7.88675e-01    2.11325e-01       2.74451e+00       1.75399e+00       7.75714e+00          -2.09157e-01      -5.71798e-02      -7.82317e+00
  1-8       7.88675e-01    7.88675e-01    7.88675e-01       1.43100e-01      -3.55356e+00       5.38445e+00          -7.80586e-01      -5.71798e-02      -3.64426e+00


 S O L U T I O N   T I M E   L O G   I N   S E C 

     TIME FOR INPUT PHASE = 2.49000e-01
     TIME FOR CALCULATION OF STIFFNESS MATRIX = 4.33000e-01
     TIME FOR FACTORIZATION AND LOAD CASE SOLUTIONS = 6.79000e-01

     T O T A L   S O L U T I O N   T I M E = 1.36100e+00

