TITLE :  STAP90 input data for example 6.3 with 4 S8R5 element, degenerated shell
        (8:30:55 on May 28, 2025, Wednesday)

C O N T R O L   I N F O R M A T I O N

      NUMBER OF NODAL POINTS . . . . . . . . . . (NUMNP)  =    21
      NUMBER OF ELEMENT GROUPS . . . . . . . . . (NUMEG)  =     1
      NUMBER OF LOAD CASES . . . . . . . . . . . (NLCASE) =     1
      SOLUTION MODE  . . . . . . . . . . . . . . (MODEX)  =     1
         EQ.0, DATA CHECK
         EQ.1, EXECUTION

 N O D A L   P O I N T   D A T A

    NODE       BOUNDARY                         NODAL POINT
   NUMBER  CONDITION  CODES                     COORDINATES
        1    1    1    1    0    0    1       0.00000e+00    0.00000e+00    0.00000e+00
        2    1    1    1    0    1    1       2.00000e+00    0.00000e+00    0.00000e+00
        3    1    1    1    0    1    1       4.00000e+00    0.00000e+00    0.00000e+00
        4    1    1    1    0    1    1       6.00000e+00    0.00000e+00    0.00000e+00
        5    1    1    1    0    0    1       8.00000e+00    0.00000e+00    0.00000e+00
        6    1    1    1    1    0    1       0.00000e+00    2.00000e+00    0.00000e+00
        7    0    0    0    0    0    1       4.00000e+00    2.00000e+00    0.00000e+00
        8    1    1    1    1    0    1       8.00000e+00    2.00000e+00    0.00000e+00
        9    1    1    1    1    0    1       0.00000e+00    4.00000e+00    0.00000e+00
       10    0    0    0    0    0    1       2.00000e+00    4.00000e+00    0.00000e+00
       11    0    0    0    0    0    1       4.00000e+00    4.00000e+00    0.00000e+00
       12    0    0    0    0    0    1       6.00000e+00    4.00000e+00    0.00000e+00
       13    1    1    1    1    0    1       8.00000e+00    4.00000e+00    0.00000e+00
       14    1    1    1    1    0    1       0.00000e+00    6.00000e+00    0.00000e+00
       15    0    0    0    0    0    1       4.00000e+00    6.00000e+00    0.00000e+00
       16    1    1    1    1    0    1       8.00000e+00    6.00000e+00    0.00000e+00
       17    1    1    1    0    0    1       0.00000e+00    8.00000e+00    0.00000e+00
       18    1    1    1    0    1    1       2.00000e+00    8.00000e+00    0.00000e+00
       19    1    1    1    0    1    1       4.00000e+00    8.00000e+00    0.00000e+00
       20    1    1    1    0    1    1       6.00000e+00    8.00000e+00    0.00000e+00
       21    1    1    1    0    0    1       8.00000e+00    8.00000e+00    0.00000e+00

 EQUATION NUMBERS

   NODE NUMBER   DEGREES 	OF 	FREEDOM
        N           X    Y    Z    x    y    z
        1           0    0    0    1    2    0
        2           0    0    0    3    0    0
        3           0    0    0    4    0    0
        4           0    0    0    5    0    0
        5           0    0    0    6    7    0
        6           0    0    0    0    8    0
        7           9   10   11   12   13    0
        8           0    0    0    0   14    0
        9           0    0    0    0   15    0
       10          16   17   18   19   20    0
       11          21   22   23   24   25    0
       12          26   27   28   29   30    0
       13           0    0    0    0   31    0
       14           0    0    0    0   32    0
       15          33   34   35   36   37    0
       16           0    0    0    0   38    0
       17           0    0    0   39   40    0
       18           0    0    0   41    0    0
       19           0    0    0   42    0    0
       20           0    0    0   43    0    0
       21           0    0    0   44   45    0

 L O A D   C A S E   D A T A

     LOAD CASE NUMBER . . . . . . . =     1
     NUMBER OF CONCENTRATED LOADS . =    21

    NODE       DIRECTION      LOAD
   NUMBER                   MAGNITUDE
      1            3        1.33333e+00
      2            3       -5.33333e+00
      3            3        2.66667e+00
      4            3       -5.33333e+00
      5            3        1.33333e+00
      6            3       -5.33333e+00
      7            3       -1.06667e+01
      8            3       -5.33333e+00
      9            3        2.66667e+00
     10            3       -1.06667e+01
     11            3        5.33333e+00
     12            3       -1.06667e+01
     13            3        2.66667e+00
     14            3       -5.33333e+00
     15            3       -1.06667e+01
     16            3       -5.33333e+00
     17            3        1.33333e+00
     18            3       -5.33333e+00
     19            3        2.66667e+00
     20            3       -5.33333e+00
     21            3        1.33333e+00

 E L E M E N T   G R O U P   D A T A


 E L E M E N T   D E F I N I T I O N

 ELEMENT TYPE  . . . . . . . . . . . . .( NPAR(1) ) . . =    8
     EQ.1, TRUSS ELEMENTS
     EQ.2, ELEMENTS CURRENTLY
     EQ.3, NOT AVAILABLE
     EQ.4, Q8
     EQ.7, H8

 NUMBER OF ELEMENTS. . . . . . . . . . .( NPAR(2) ) . . =    4

8 has not been implemented yet.
   Ele =        Location Matrix
        1    0    0    0    1    2    0    0    0    4    0   21   22   23   24   25    0    0    0    0   15    0    0    0    3    0    9   10   11   12   13   16   17   18   19   20    0    0    0    0    8
        2    0    0    0    4    0    0    0    0    6    7    0    0    0    0   31   21   22   23   24   25    0    0    0    5    0    0    0    0    0   14   26   27   28   29   30    9   10   11   12   13
        3    0    0    0    0   15   21   22   23   24   25    0    0    0   42    0    0    0    0   39   40   16   17   18   19   20   33   34   35   36   37    0    0    0   41    0    0    0    0    0   32
        4   21   22   23   24   25    0    0    0    0   31    0    0    0   44   45    0    0    0   42    0   26   27   28   29   30    0    0    0    0   38    0    0    0   43    0   33   34   35   36   37

*** _Debug_ *** Column Heights
       0       1       2       3       1       2       3       7       8       9      10      11      12      10      14      15      16      17      18      19      20      21      22      23      24      22      23      24      25      26      27      17      18      19      20      21      22      17      24      25      26      27      22      23      24

*** _Debug_ *** Address of Diagonal Element
       1       2       4       7      11      13      16      20      28      37      47      58      70      83      94     109     125     142     160     179     199     220     242     265     289     314     337     361     386     412     439     467     485     504     524     545     567     590     608     633     659     686     714     737     761     786

	TOTAL SYSTEM DATA

     NUMBER OF EQUATIONS . . . . . . . . . . . . . .(NEQ) = 45
     NUMBER OF MATRIX ELEMENTS . . . . . . . . . . .(NWK) = 785
     MAXIMUM HALF BANDWIDTH  . . . . . . . . . . . .(MK ) = 28
     MEAN HALF BANDWIDTH . . . . . . . . . . . . . .(MM ) = 17


*** _Debug_ *** Banded stiffness matrix
   1.52650e+09   1.52650e+09   2.87831e+06   1.21657e+10  -1.51079e+06  -1.52134e+09
   3.05300e+09  -1.52134e+09   3.90720e+04   2.65690e+06   1.21657e+10  -1.52134e+09
   1.52650e+09  -1.52134e+09   2.65690e+06   1.52650e+09  -2.87831e+06   1.51079e+06
  -3.90720e+04   1.21657e+10   0.00000e+00   0.00000e+00   0.00000e+00   6.77249e+05
   2.70899e+06  -1.52134e+09  -1.51079e+06   3.75092e+10  -2.04865e-11  -2.93116e-09
  -1.03865e-10   6.25496e-10   1.09346e-09  -8.59194e-09  -3.71130e-09  -1.08308e-09
   6.79853e+10  -2.41399e-06   1.24465e-09   1.30199e-09  -2.45554e-09  -6.46444e-09
  -1.02102e-08   2.43102e-09  -2.14005e-10  -6.56658e-09   2.27920e+10  -5.89366e-24
  -5.16988e-25  -4.55840e+09  -1.13960e+09  -8.94070e-07  -4.55840e+09  -4.55840e+09
  -4.55840e+09   1.13960e+09   0.00000e+00   2.43477e+10  -8.34465e-07  -8.20752e-08
  -1.77147e-09  -5.62954e-10   6.77249e+05  -3.04347e+09   9.11681e+09  -3.05488e+09
   9.11681e+09  -6.77249e+05  -3.04347e+09   2.43315e+10  -1.48594e-09  -2.86102e-06
   4.58131e-09  -1.04546e-08   6.07662e+09  -3.04144e+09   6.77249e+05   2.70899e+06
   4.65661e-10  -2.70899e+06  -3.04144e+09  -6.77249e+05   1.21657e+10   6.07662e+09
  -5.28713e-10   4.55840e+09   2.55595e-09  -2.48980e-10   0.00000e+00  -1.52134e+09
   1.51079e+06  -2.70899e+06  -6.77249e+05   3.05300e+09   0.00000e+00  -3.04144e+09
   6.77249e+05   1.13960e+09   9.49940e-11  -2.30407e-09  -1.52134e+09   0.00000e+00
   0.00000e+00   0.00000e+00  -1.18519e+06   6.77249e+05   2.65690e+06   3.90720e+04
   6.79853e+10  -1.24052e-08   0.00000e+00  -7.34988e-09  -1.23484e-09  -4.13590e-25
   5.07937e+09   1.90735e-06  -1.59392e-08   0.00000e+00   0.00000e+00   0.00000e+00
   2.04269e-10  -3.30752e-09   2.27644e-09  -2.14798e-09   3.75092e+10   1.54972e-06
  -6.93301e-10   0.00000e+00  -3.19471e-09  -9.37150e-09   0.00000e+00   1.31130e-06
   5.07937e+09   2.86927e-09   0.00000e+00   0.00000e+00   0.00000e+00  -1.71940e-09
  -5.14709e-10   4.30996e-09  -3.37374e-09   2.27920e+10  -1.44757e-24  -4.13590e-25
  -4.55840e+09   0.00000e+00   4.55840e+09  -4.55840e+09   2.38419e-07   0.00000e+00
  -6.20385e-25  -4.55840e+09   0.00000e+00   0.00000e+00   0.00000e+00   1.13960e+09
  -4.55840e+09   7.15262e-07   1.13960e+09   2.43315e+10   9.53674e-07  -7.51001e-09
   3.00400e-09  -1.62981e-09   0.00000e+00   2.70899e+06   9.11681e+09   4.55840e+09
  -1.22809e-08   3.19097e-09  -2.70899e+06   0.00000e+00   0.00000e+00   0.00000e+00
  -3.04144e+09   6.07662e+09  -6.77249e+05  -3.04144e+09   2.43477e+10   6.63898e-10
   5.72207e-06  -4.35540e-09  -5.39097e-08  -3.05488e+09   0.00000e+00   9.11681e+09
   2.70899e+06  -4.55840e+09   2.38022e-10  -7.64566e-11   9.11681e+09   0.00000e+00
   0.00000e+00   0.00000e+00   6.77249e+05   2.42952e-10  -3.04347e+09  -6.77249e+05
   5.27473e+10  -2.95483e-09   5.34269e-09   1.29247e-24  -4.76837e-07  -2.98901e+10
   3.01811e-09   2.80947e-09   4.52402e-09  -1.15262e-09  -4.91138e-25   1.90735e-06
  -7.03297e+09  -1.37124e-09  -2.83843e-09  -6.72526e-10   7.64566e-11   5.64912e-10
   2.71866e-09   2.11744e-09  -5.84672e-10   5.27473e+10   0.00000e+00   2.68620e-09
   2.90330e-09   4.13590e-25  -7.03297e+09  -9.53674e-07  -2.19566e-09  -1.06397e-09
   6.33533e-09  -1.21023e-08   0.00000e+00  -2.98901e+10   2.38419e-06   4.36730e-09
   2.07514e-09   2.90281e-09   1.79701e-09  -4.66757e-09   5.86534e-09  -4.38504e-10
   5.98890e-09   2.27920e+10   4.17468e-24   1.37325e-24  -4.55840e+09  -1.43051e-06
  -7.97720e+09  -1.13737e-24   1.91286e-24   2.27920e+09  -1.13960e+09   9.53674e-07
  -4.55840e+09  -7.97720e+09   1.29247e-25  -4.91138e-25   1.13960e+09  -5.69800e+08
   5.69800e+08   1.13960e+09   2.27920e+09   1.13960e+09   5.69800e+08   5.69800e+08
   6.10600e+09  -2.38419e-07   8.03266e-09   3.14321e-09   0.00000e+00  -3.04269e+09
   0.00000e+00  -1.34390e-09   1.47805e-09  -1.01863e-10   6.77249e+05   2.09548e-09
  -3.05488e+09   4.55840e+09  -2.64105e-09   4.78948e-11  -6.77249e+05  -1.18519e+06
   7.63250e+08  -3.04144e+09   7.34554e+06  -3.04144e+09   1.18519e+06   7.63250e+08
   6.10600e+09  -4.65661e-10  -9.53674e-07  -3.72529e-09   1.35624e-08  -3.05488e+09
  -2.32831e-10   4.55840e+09   1.08366e-09   8.13104e-09   7.34554e+06  -3.04144e+09
  -3.04269e+09   1.39698e-09  -2.38419e-07   2.21449e-09   8.16476e-11  -3.04144e+09
   7.63250e+08  -1.18519e+06   6.77249e+05  -1.38243e-10  -6.77249e+05   7.63250e+08
   1.18519e+06   6.79853e+10   5.98839e-09   1.65376e-09   1.74483e-24  -9.53674e-07
  -2.98901e+10   0.00000e+00   0.00000e+00   0.00000e+00   0.00000e+00   0.00000e+00
   0.00000e+00  -1.48005e-08  -1.96645e-08   2.28041e-09  -5.16988e-26  -5.07937e+09
  -6.52671e-06   0.00000e+00   1.39849e-09  -7.27054e-10   4.17766e-10   1.57731e-09
   3.75092e+10  -1.84774e-06  -6.93301e-10  -1.54817e-09   2.50739e-24  -7.03297e+09
  -1.90735e-06   0.00000e+00   0.00000e+00   0.00000e+00   0.00000e+00   0.00000e+00
   0.00000e+00  -3.19471e-09  -2.71866e-09  -4.24000e-09   3.10193e-25   1.78814e-06
  -5.07937e+09   0.00000e+00   1.01268e-09  -1.71940e-09  -5.14709e-10  -1.51109e-09
   2.27920e+10   1.96455e-24   3.10193e-25  -4.55840e+09   4.76837e-07  -7.97720e+09
  -5.16988e-25   2.94683e-24   0.00000e+00   0.00000e+00   0.00000e+00   0.00000e+00
   0.00000e+00   0.00000e+00   4.55840e+09  -4.55840e+09  -4.55840e+09  -1.19209e-06
  -6.20385e-25   3.61892e-25   0.00000e+00  -4.76829e-07   1.13960e+09  -4.55840e+09
   1.13960e+09   2.43315e+10   9.53674e-07  -7.51001e-09   6.72929e-09  -4.65661e-10
  -3.04269e+09   9.53674e-07   5.79163e-09  -5.53889e-09   0.00000e+00   0.00000e+00
   0.00000e+00   0.00000e+00   0.00000e+00   0.00000e+00   2.70899e+06  -2.70899e+06
   9.11681e+09   4.55840e+09  -3.27116e-09   8.17187e-09   0.00000e+00   6.77249e+05
  -3.04144e+09   6.07662e+09  -3.04144e+09   2.43477e+10   2.27340e-10   5.78167e-06
  -1.08747e-08  -3.80772e-08  -3.05488e+09  -9.31323e-10   4.55840e+09  -2.75459e-09
  -8.43412e-09   0.00000e+00   0.00000e+00   0.00000e+00   0.00000e+00   0.00000e+00
   0.00000e+00   9.11681e+09   9.11681e+09  -2.70899e+06   4.55840e+09  -2.38022e-10
  -5.83692e-09   0.00000e+00  -3.04347e+09   6.77249e+05   1.55640e-10  -6.77249e+05
   3.05300e+09  -3.05488e+09   1.16415e-09   4.55840e+09   6.17998e-10  -2.11351e-09
   7.34554e+06   2.18279e-11  -2.27920e+09  -5.23004e-10  -1.24858e-09   0.00000e+00
   0.00000e+00   0.00000e+00   0.00000e+00   0.00000e+00   0.00000e+00  -1.52134e+09
  -3.04144e+09  -6.77249e+05  -1.13960e+09  -2.14005e-10   1.13530e-09   0.00000e+00
   2.65690e+06  -3.90720e+04  -6.77249e+05   1.18519e+06   1.21657e+10   0.00000e+00
   0.00000e+00   0.00000e+00   0.00000e+00   0.00000e+00   0.00000e+00  -3.04144e+09
   6.77249e+05   1.13960e+09  -2.03813e-09  -6.61800e-09   9.11681e+09   2.70899e+06
  -4.55840e+09  -2.29370e-10  -8.37556e-09  -1.52134e+09   3.75092e+10  -2.04865e-11
  -2.93116e-09   3.59171e-09  -3.05826e-10   3.61892e-25   5.07937e+09  -1.96695e-05
   7.51578e-10   6.27803e-10  -1.18907e-24   4.29153e-06  -7.03297e+09  -2.04865e-11
  -1.14136e-09  -1.03398e-24  -5.07937e+09  -1.34706e-05  -1.84865e-09   6.79853e+10
  -7.03335e-06  -6.17998e-10   3.16463e-09   3.41197e-09   1.91746e-09  -4.13590e-25
  -1.64211e-05   5.07937e+09   7.74660e-10   4.99991e-10   4.13590e-25  -2.98901e+10
   3.33786e-06  -5.27461e-09  -3.62950e-10  -2.06795e-25  -6.64592e-06  -5.07937e+09
  -2.14005e-10   2.27920e+10   3.82571e-24  -1.08567e-24  -4.55840e+09  -1.13960e+09
   4.55840e+09  -4.55840e+09  -7.33137e-06   1.34417e-24   8.78879e-25  -2.38419e-07
  -4.55840e+09  -7.97720e+09  -3.61892e-24  -2.58494e-25  -4.55840e+09  -4.55840e+09
  -3.21865e-06  -8.27181e-25   1.24077e-24   1.13960e+09   2.43477e+10  -1.72853e-06
  -3.08525e-08   1.95382e-09  -9.12200e-10   6.77249e+05   2.70899e+06   9.11681e+09
   4.55840e+09   1.11747e-08   4.23885e-09   9.31323e-10  -3.05488e+09   4.55840e+09
   1.73573e-08  -2.43102e-09  -2.70899e+06   9.11681e+09   4.55840e+09  -2.54873e-09
  -5.28442e-09  -6.77249e+05   2.43315e+10  -3.17396e-09  -1.90735e-06  -3.80059e-09
  -7.66062e-09   6.07662e+09  -3.04144e+09   9.11681e+09   2.70899e+06  -4.55840e+09
   7.01953e-10  -9.24977e-10  -3.04269e+09   1.62981e-09  -4.76837e-06   8.51693e-10
   6.65674e-09   9.11681e+09  -2.70899e+06   4.55840e+09  -8.56019e-10  -7.17735e-09
  -3.04144e+09   1.21657e+10   6.07662e+09  -9.94374e-10   4.55840e+09   2.55595e-09
  -2.48980e-10   0.00000e+00  -1.52134e+09   9.11681e+09  -2.70899e+06   4.55840e+09
  -2.71866e-09  -3.45206e-09  -3.04144e+09  -6.77249e+05  -1.13960e+09   4.36730e-09
   2.35405e-09   1.52650e+09   0.00000e+00   6.77249e+05  -3.04347e+09  -4.76837e-07
  -4.05679e-09  -5.12403e-10   1.51079e+06   0.00000e+00   0.00000e+00   0.00000e+00
   0.00000e+00   0.00000e+00   0.00000e+00  -1.18519e+06   7.63250e+08  -5.69800e+08
  -3.39076e-09  -3.37561e-10   6.77249e+05  -3.04144e+09  -1.13960e+09   2.50011e-09
  -4.37100e-10  -3.90720e+04   1.52650e+09  -2.87831e+06   0.00000e+00  -3.04144e+09
   6.77249e+05   1.13960e+09  -1.30199e-09   4.89897e-10  -1.52134e+09   0.00000e+00
   0.00000e+00   0.00000e+00   0.00000e+00   0.00000e+00   0.00000e+00   7.63250e+08
  -1.18519e+06   5.69800e+08  -2.86180e-09  -3.34445e-09  -3.04347e+09   6.77249e+05
  -9.53676e-07   7.37009e-10  -3.09669e-09   2.65690e+06   1.21657e+10   1.51079e+06
  -1.52134e+09   0.00000e+00   2.70899e+06   9.11681e+09   4.55840e+09  -1.22809e-08
   3.19097e-09  -2.70899e+06   0.00000e+00   0.00000e+00   0.00000e+00   0.00000e+00
   0.00000e+00   0.00000e+00   6.77249e+05  -3.04144e+09  -1.13960e+09  -5.10223e-09
   1.06490e-09   7.54267e-10   6.07662e+09   4.55840e+09   2.45243e-10  -1.55913e-09
  -6.77249e+05   3.05300e+09  -1.52134e+09  -3.90720e+04   2.65690e+06   6.77249e+05
   2.32831e-09  -3.05488e+09   4.55840e+09  -1.00916e-08   5.13556e-10  -6.77249e+05
  -1.18519e+06   6.77249e+05  -3.04144e+09  -1.13960e+09   2.50011e-09  -4.37100e-10
  -4.65661e-10   7.34554e+06  -2.27920e+09   5.97511e-10  -1.47344e-09  -6.77249e+05
  -3.04144e+09  -1.13960e+09  -2.49954e-09   3.43995e-09   1.18519e+06   1.21657e+10
  -1.52134e+09   0.00000e+00   0.00000e+00   0.00000e+00   2.70899e+06  -2.70899e+06
   9.11681e+09   4.55840e+09   4.54126e-10  -1.14136e-09   0.00000e+00   6.77249e+05
   2.88606e-10   6.07662e+09   4.55840e+09   2.45243e-10  -1.55913e-09  -6.77249e+05
  -3.04144e+09  -1.13960e+09   2.14005e-09   2.71866e-09   1.52650e+09  -1.52134e+09
   2.65690e+06   0.00000e+00   0.00000e+00   0.00000e+00  -1.51079e+06  -6.77249e+05
  -3.04347e+09   1.75834e-06  -4.32395e-09   3.51641e-09   0.00000e+00   3.90720e+04
  -6.77249e+05  -3.04144e+09  -1.13960e+09  -6.36893e-10  -2.14798e-09   1.18519e+06
   7.63250e+08  -5.69800e+08   2.25430e-09   2.01931e-09   1.52650e+09   2.87831e+06
  -1.51079e+06   3.90720e+04   0.00000e+00   0.00000e+00   0.00000e+00  -1.52134e+09
  -3.04144e+09  -6.77249e+05  -1.13960e+09   1.64864e-09  -7.27342e-10   0.00000e+00
   2.65690e+06  -3.04347e+09  -6.77249e+05  -1.01330e-06  -2.01931e-09  -2.49442e-09
   7.63250e+08   1.18519e+06  -5.69800e+08   1.17497e-10  -7.01976e-09

*** _Debug_ *** Full stiffness matrix
   1.52650e+09   2.87831e+06  -1.52134e+09   2.65690e+06   0.00000e+00   0.00000e+00   0.00000e+00  -1.51079e+06  -1.08308e-09  -6.56658e-09   0.00000e+00  -3.04347e+09  -6.77249e+05   0.00000e+00   3.90720e+04  -2.14798e-09  -3.37374e-09   1.13960e+09  -3.04144e+09  -6.77249e+05  -5.84672e-10   5.98890e-09   5.69800e+08   7.63250e+08   1.18519e+06   0.00000e+00   0.00000e+00   0.00000e+00   0.00000e+00   0.00000e+00   0.00000e+00   0.00000e+00   0.00000e+00   0.00000e+00   0.00000e+00   0.00000e+00   0.00000e+00   0.00000e+00   0.00000e+00   0.00000e+00   0.00000e+00   0.00000e+00   0.00000e+00   0.00000e+00   0.00000e+00
   2.87831e+06   1.52650e+09  -1.51079e+06   3.90720e+04   0.00000e+00   0.00000e+00   0.00000e+00  -1.52134e+09  -3.71130e-09  -2.14005e-10   1.13960e+09  -6.77249e+05  -3.04144e+09   0.00000e+00   2.65690e+06   2.27644e-09   4.30996e-09   7.15262e-07  -6.77249e+05  -3.04347e+09   2.11744e-09  -4.38504e-10   5.69800e+08   1.18519e+06   7.63250e+08   0.00000e+00   0.00000e+00   0.00000e+00   0.00000e+00   0.00000e+00   0.00000e+00   0.00000e+00   0.00000e+00   0.00000e+00   0.00000e+00   0.00000e+00   0.00000e+00   0.00000e+00   0.00000e+00   0.00000e+00   0.00000e+00   0.00000e+00   0.00000e+00   0.00000e+00   0.00000e+00
  -1.52134e+09  -1.51079e+06   1.21657e+10  -1.52134e+09   0.00000e+00   0.00000e+00   0.00000e+00   2.70899e+06  -8.59194e-09   2.43102e-09  -4.55840e+09   9.11681e+09  -2.70899e+06   0.00000e+00   6.77249e+05  -3.30752e-09  -5.14709e-10  -4.55840e+09   6.07662e+09   2.42952e-10   2.71866e-09   5.86534e-09   1.13960e+09  -3.04144e+09  -6.77249e+05   0.00000e+00   0.00000e+00   0.00000e+00   0.00000e+00   0.00000e+00   0.00000e+00   0.00000e+00   0.00000e+00   0.00000e+00   0.00000e+00   0.00000e+00   0.00000e+00   0.00000e+00   0.00000e+00   0.00000e+00   0.00000e+00   0.00000e+00   0.00000e+00   0.00000e+00   0.00000e+00
   2.65690e+06   3.90720e+04  -1.52134e+09   3.05300e+09  -1.52134e+09   2.65690e+06  -3.90720e+04   6.77249e+05   1.09346e-09  -1.02102e-08  -4.55840e+09  -3.05488e+09   4.65661e-10  -6.77249e+05  -1.18519e+06   2.04269e-10  -1.71940e-09   1.13960e+09  -3.04144e+09   6.77249e+05   5.64912e-10  -4.66757e-09   2.27920e+09   7.34554e+06  -1.38243e-10   1.57731e-09  -1.51109e-09   1.13960e+09  -3.04144e+09  -6.77249e+05   1.18519e+06   0.00000e+00   0.00000e+00   0.00000e+00   0.00000e+00   0.00000e+00   0.00000e+00   0.00000e+00   0.00000e+00   0.00000e+00   0.00000e+00   0.00000e+00   0.00000e+00   0.00000e+00   0.00000e+00
   0.00000e+00   0.00000e+00   0.00000e+00  -1.52134e+09   1.21657e+10  -1.52134e+09   1.51079e+06   0.00000e+00   6.25496e-10  -6.46444e-09  -4.55840e+09   9.11681e+09   2.70899e+06  -2.70899e+06   0.00000e+00   0.00000e+00   0.00000e+00   0.00000e+00   0.00000e+00   0.00000e+00   7.64566e-11   1.79701e-09   1.13960e+09  -3.04144e+09   6.77249e+05   4.17766e-10  -5.14709e-10  -4.55840e+09   6.07662e+09   1.55640e-10  -6.77249e+05   0.00000e+00   0.00000e+00   0.00000e+00   0.00000e+00   0.00000e+00   0.00000e+00   0.00000e+00   0.00000e+00   0.00000e+00   0.00000e+00   0.00000e+00   0.00000e+00   0.00000e+00   0.00000e+00
   0.00000e+00   0.00000e+00   0.00000e+00   2.65690e+06  -1.52134e+09   1.52650e+09  -2.87831e+06   0.00000e+00  -1.03865e-10  -2.45554e-09  -8.94070e-07  -3.04347e+09   6.77249e+05   1.51079e+06   0.00000e+00   0.00000e+00   0.00000e+00   0.00000e+00   0.00000e+00   0.00000e+00  -6.72526e-10   2.90281e-09   5.69800e+08   7.63250e+08  -1.18519e+06  -7.27054e-10  -1.71940e-09   1.13960e+09  -3.04144e+09   6.77249e+05  -3.90720e+04   0.00000e+00   0.00000e+00   0.00000e+00   0.00000e+00   0.00000e+00   0.00000e+00   0.00000e+00   0.00000e+00   0.00000e+00   0.00000e+00   0.00000e+00   0.00000e+00   0.00000e+00   0.00000e+00
   0.00000e+00   0.00000e+00   0.00000e+00  -3.90720e+04   1.51079e+06  -2.87831e+06   1.52650e+09   0.00000e+00  -2.93116e-09   1.30199e-09  -1.13960e+09   6.77249e+05  -3.04144e+09  -1.52134e+09   0.00000e+00   0.00000e+00   0.00000e+00   0.00000e+00   0.00000e+00   0.00000e+00  -2.83843e-09   2.07514e-09  -5.69800e+08  -1.18519e+06   7.63250e+08   1.39849e-09   1.01268e-09  -4.76829e-07   6.77249e+05  -3.04347e+09   2.65690e+06   0.00000e+00   0.00000e+00   0.00000e+00   0.00000e+00   0.00000e+00   0.00000e+00   0.00000e+00   0.00000e+00   0.00000e+00   0.00000e+00   0.00000e+00   0.00000e+00   0.00000e+00   0.00000e+00
  -1.51079e+06  -1.52134e+09   2.70899e+06   6.77249e+05   0.00000e+00   0.00000e+00   0.00000e+00   1.21657e+10  -2.04865e-11   1.24465e-09  -4.55840e+09  -5.62954e-10   6.07662e+09   0.00000e+00  -1.52134e+09  -1.59392e-08   2.86927e-09  -4.55840e+09  -2.70899e+06   9.11681e+09  -1.37124e-09   4.36730e-09   1.13960e+09  -6.77249e+05  -3.04144e+09   0.00000e+00   0.00000e+00   0.00000e+00   0.00000e+00   0.00000e+00   0.00000e+00   0.00000e+00   0.00000e+00   0.00000e+00   0.00000e+00   0.00000e+00   0.00000e+00   0.00000e+00   0.00000e+00   0.00000e+00   0.00000e+00   0.00000e+00   0.00000e+00   0.00000e+00   0.00000e+00
  -1.08308e-09  -3.71130e-09  -8.59194e-09   1.09346e-09   6.25496e-10  -1.03865e-10  -2.93116e-09  -2.04865e-11   3.75092e+10  -2.41399e-06  -5.16988e-25  -1.77147e-09  -1.04546e-08  -2.48980e-10  -2.30407e-09   1.90735e-06   5.07937e+09  -6.20385e-25   3.19097e-09  -7.64566e-11  -7.03297e+09   2.38419e-06  -4.91138e-25   4.78948e-11   8.16476e-11  -6.52671e-06  -5.07937e+09   3.61892e-25   8.17187e-09  -5.83692e-09   1.13530e-09   0.00000e+00   0.00000e+00   0.00000e+00   0.00000e+00   0.00000e+00   0.00000e+00   0.00000e+00   0.00000e+00   0.00000e+00   0.00000e+00   0.00000e+00   0.00000e+00   0.00000e+00   0.00000e+00
  -6.56658e-09  -2.14005e-10   2.43102e-09  -1.02102e-08  -6.46444e-09  -2.45554e-09   1.30199e-09   1.24465e-09  -2.41399e-06   6.79853e+10  -5.89366e-24  -8.20752e-08   4.58131e-09   2.55595e-09   9.49940e-11   5.07937e+09   1.31130e-06   0.00000e+00  -1.22809e-08   2.38022e-10   1.90735e-06  -2.98901e+10   1.29247e-25  -2.64105e-09   2.21449e-09  -5.07937e+09   1.78814e-06  -6.20385e-25  -3.27116e-09  -2.38022e-10  -2.14005e-10   0.00000e+00   0.00000e+00   0.00000e+00   0.00000e+00   0.00000e+00   0.00000e+00   0.00000e+00   0.00000e+00   0.00000e+00   0.00000e+00   0.00000e+00   0.00000e+00   0.00000e+00   0.00000e+00
   0.00000e+00   1.13960e+09  -4.55840e+09  -4.55840e+09  -4.55840e+09  -8.94070e-07  -1.13960e+09  -4.55840e+09  -5.16988e-25  -5.89366e-24   2.27920e+10  -8.34465e-07  -2.86102e-06   4.55840e+09   1.13960e+09  -4.13590e-25   0.00000e+00   2.38419e-07   4.55840e+09  -4.55840e+09  -4.91138e-25   0.00000e+00  -7.97720e+09   4.55840e+09  -2.38419e-07  -5.16988e-26   3.10193e-25  -1.19209e-06   4.55840e+09   4.55840e+09  -1.13960e+09   0.00000e+00   0.00000e+00   0.00000e+00   0.00000e+00   0.00000e+00   0.00000e+00   0.00000e+00   0.00000e+00   0.00000e+00   0.00000e+00   0.00000e+00   0.00000e+00   0.00000e+00   0.00000e+00
  -3.04347e+09  -6.77249e+05   9.11681e+09  -3.05488e+09   9.11681e+09  -3.04347e+09   6.77249e+05  -5.62954e-10  -1.77147e-09  -8.20752e-08  -8.34465e-07   2.43477e+10  -1.48594e-09  -5.28713e-10   6.77249e+05  -1.23484e-09  -9.37150e-09  -4.55840e+09   9.11681e+09   2.70899e+06  -1.15262e-09  -1.21023e-08  -4.55840e+09  -3.05488e+09   1.39698e-09   2.28041e-09  -4.24000e-09  -4.55840e+09   9.11681e+09  -2.70899e+06  -6.77249e+05   0.00000e+00   0.00000e+00   0.00000e+00   0.00000e+00   0.00000e+00   0.00000e+00   0.00000e+00   0.00000e+00   0.00000e+00   0.00000e+00   0.00000e+00   0.00000e+00   0.00000e+00   0.00000e+00
  -6.77249e+05  -3.04144e+09  -2.70899e+06   4.65661e-10   2.70899e+06   6.77249e+05  -3.04144e+09   6.07662e+09  -1.04546e-08   4.58131e-09  -2.86102e-06  -1.48594e-09   2.43315e+10   6.07662e+09  -3.04144e+09  -7.34988e-09  -3.19471e-09   4.55840e+09   2.70899e+06   9.11681e+09   4.52402e-09   6.33533e-09   9.53674e-07   2.09548e-09  -3.04269e+09  -1.96645e-08  -2.71866e-09  -4.55840e+09  -2.70899e+06   9.11681e+09  -3.04144e+09   0.00000e+00   0.00000e+00   0.00000e+00   0.00000e+00   0.00000e+00   0.00000e+00   0.00000e+00   0.00000e+00   0.00000e+00   0.00000e+00   0.00000e+00   0.00000e+00   0.00000e+00   0.00000e+00
   0.00000e+00   0.00000e+00   0.00000e+00  -6.77249e+05  -2.70899e+06   1.51079e+06  -1.52134e+09   0.00000e+00  -2.48980e-10   2.55595e-09   4.55840e+09  -5.28713e-10   6.07662e+09   1.21657e+10   0.00000e+00   0.00000e+00   0.00000e+00   0.00000e+00   0.00000e+00   0.00000e+00   2.80947e-09  -1.06397e-09  -1.13960e+09   6.77249e+05  -3.04144e+09  -1.48005e-08  -3.19471e-09   4.55840e+09   2.70899e+06   9.11681e+09  -1.52134e+09   0.00000e+00   0.00000e+00   0.00000e+00   0.00000e+00   0.00000e+00   0.00000e+00   0.00000e+00   0.00000e+00   0.00000e+00   0.00000e+00   0.00000e+00   0.00000e+00   0.00000e+00   0.00000e+00
   3.90720e+04   2.65690e+06   6.77249e+05  -1.18519e+06   0.00000e+00   0.00000e+00   0.00000e+00  -1.52134e+09  -2.30407e-09   9.49940e-11   1.13960e+09   6.77249e+05  -3.04144e+09   0.00000e+00   3.05300e+09  -1.24052e-08  -6.93301e-10  -4.55840e+09  -1.62981e-09  -3.05488e+09   3.01811e-09  -2.19566e-09   2.27920e+09  -1.01863e-10   7.34554e+06   0.00000e+00   0.00000e+00   0.00000e+00   0.00000e+00   0.00000e+00   0.00000e+00  -1.52134e+09  -1.84865e-09  -2.14005e-10   1.13960e+09  -6.77249e+05  -3.04144e+09   0.00000e+00  -3.90720e+04   2.65690e+06  -6.77249e+05   1.18519e+06   0.00000e+00   0.00000e+00   0.00000e+00
  -2.14798e-09   2.27644e-09  -3.30752e-09   2.04269e-10   0.00000e+00   0.00000e+00   0.00000e+00  -1.59392e-08   1.90735e-06   5.07937e+09  -4.13590e-25  -1.23484e-09  -7.34988e-09   0.00000e+00  -1.24052e-08   6.79853e+10   1.54972e-06  -4.13590e-25   3.00400e-09  -5.39097e-08  -2.98901e+10  -9.53674e-07   1.91286e-24   1.47805e-09   8.13104e-09   0.00000e+00   0.00000e+00   0.00000e+00   0.00000e+00   0.00000e+00   0.00000e+00  -8.37556e-09  -1.34706e-05  -5.07937e+09   1.24077e-24  -5.28442e-09  -7.17735e-09   0.00000e+00  -4.37100e-10  -3.09669e-09  -1.55913e-09   3.43995e-09   0.00000e+00   0.00000e+00   0.00000e+00
  -3.37374e-09   4.30996e-09  -5.14709e-10  -1.71940e-09   0.00000e+00   0.00000e+00   0.00000e+00   2.86927e-09   5.07937e+09   1.31130e-06   0.00000e+00  -9.37150e-09  -3.19471e-09   0.00000e+00  -6.93301e-10   1.54972e-06   3.75092e+10  -1.44757e-24  -7.51001e-09  -4.35540e-09  -4.76837e-07  -7.03297e+09  -1.13737e-24  -1.34390e-09   1.08366e-09   0.00000e+00   0.00000e+00   0.00000e+00   0.00000e+00   0.00000e+00   0.00000e+00  -2.29370e-10  -5.07937e+09  -6.64592e-06  -8.27181e-25  -2.54873e-09  -8.56019e-10   0.00000e+00   2.50011e-09   7.37009e-10   2.45243e-10  -2.49954e-09   0.00000e+00   0.00000e+00   0.00000e+00
   1.13960e+09   7.15262e-07  -4.55840e+09   1.13960e+09   0.00000e+00   0.00000e+00   0.00000e+00  -4.55840e+09  -6.20385e-25   0.00000e+00   2.38419e-07  -4.55840e+09   4.55840e+09   0.00000e+00  -4.55840e+09  -4.13590e-25  -1.44757e-24   2.27920e+10   9.53674e-07   5.72207e-06   1.29247e-24   4.13590e-25  -7.97720e+09   0.00000e+00   4.55840e+09   0.00000e+00   0.00000e+00   0.00000e+00   0.00000e+00   0.00000e+00   0.00000e+00  -4.55840e+09  -1.03398e-24  -2.06795e-25  -3.21865e-06   4.55840e+09   4.55840e+09   0.00000e+00  -1.13960e+09  -9.53676e-07   4.55840e+09  -1.13960e+09   0.00000e+00   0.00000e+00   0.00000e+00
  -3.04144e+09  -6.77249e+05   6.07662e+09  -3.04144e+09   0.00000e+00   0.00000e+00   0.00000e+00  -2.70899e+06   3.19097e-09  -1.22809e-08   4.55840e+09   9.11681e+09   2.70899e+06   0.00000e+00  -1.62981e-09   3.00400e-09  -7.51001e-09   9.53674e-07   2.43315e+10   6.63898e-10   5.34269e-09   2.90330e-09  -1.43051e-06  -3.04269e+09  -2.32831e-10   0.00000e+00   0.00000e+00   0.00000e+00   0.00000e+00   0.00000e+00   0.00000e+00   2.70899e+06  -1.14136e-09  -3.62950e-10  -4.55840e+09   9.11681e+09  -2.70899e+06   0.00000e+00  -3.04144e+09   6.77249e+05   6.07662e+09  -3.04144e+09   0.00000e+00   0.00000e+00   0.00000e+00
  -6.77249e+05  -3.04347e+09   2.42952e-10   6.77249e+05   0.00000e+00   0.00000e+00   0.00000e+00   9.11681e+09  -7.64566e-11   2.38022e-10  -4.55840e+09   2.70899e+06   9.11681e+09   0.00000e+00  -3.05488e+09  -5.39097e-08  -4.35540e-09   5.72207e-06   6.63898e-10   2.43477e+10  -2.95483e-09   2.68620e-09  -4.55840e+09   0.00000e+00  -3.05488e+09   0.00000e+00   0.00000e+00   0.00000e+00   0.00000e+00   0.00000e+00   0.00000e+00   9.11681e+09  -2.04865e-11  -5.27461e-09  -4.55840e+09  -2.70899e+06   9.11681e+09   0.00000e+00   6.77249e+05  -3.04347e+09   7.54267e-10  -6.77249e+05   0.00000e+00   0.00000e+00   0.00000e+00
  -5.84672e-10   2.11744e-09   2.71866e-09   5.64912e-10   7.64566e-11  -6.72526e-10  -2.83843e-09  -1.37124e-09  -7.03297e+09   1.90735e-06  -4.91138e-25  -1.15262e-09   4.52402e-09   2.80947e-09   3.01811e-09  -2.98901e+10  -4.76837e-07   1.29247e-24   5.34269e-09  -2.95483e-09   5.27473e+10   0.00000e+00   1.37325e-24   3.14321e-09   1.35624e-08  -2.98901e+10  -1.90735e-06   2.94683e-24  -5.53889e-09  -8.43412e-09  -1.24858e-09  -6.61800e-09  -7.03297e+09   3.33786e-06  -2.58494e-25  -2.43102e-09   6.65674e-09   2.35405e-09  -3.37561e-10  -3.34445e-09   1.06490e-09  -1.47344e-09   2.71866e-09   2.01931e-09  -7.01976e-09
   5.98890e-09  -4.38504e-10   5.86534e-09  -4.66757e-09   1.79701e-09   2.90281e-09   2.07514e-09   4.36730e-09   2.38419e-06  -2.98901e+10   0.00000e+00  -1.21023e-08   6.33533e-09  -1.06397e-09  -2.19566e-09  -9.53674e-07  -7.03297e+09   4.13590e-25   2.90330e-09   2.68620e-09   0.00000e+00   5.27473e+10   4.17468e-24   8.03266e-09  -3.72529e-09  -9.53674e-07  -7.03297e+09  -5.16988e-25   5.79163e-09  -2.75459e-09  -5.23004e-10  -2.03813e-09   4.29153e-06  -2.98901e+10  -3.61892e-24   1.73573e-08   8.51693e-10   4.36730e-09  -3.39076e-09  -2.86180e-09  -5.10223e-09   5.97511e-10   2.14005e-09   2.25430e-09   1.17497e-10
   5.69800e+08   5.69800e+08   1.13960e+09   2.27920e+09   1.13960e+09   5.69800e+08  -5.69800e+08   1.13960e+09  -4.91138e-25   1.29247e-25  -7.97720e+09  -4.55840e+09   9.53674e-07  -1.13960e+09   2.27920e+09   1.91286e-24  -1.13737e-24  -7.97720e+09  -1.43051e-06  -4.55840e+09   1.37325e-24   4.17468e-24   2.27920e+10  -2.38419e-07  -9.53674e-07   1.74483e-24   2.50739e-24  -7.97720e+09   9.53674e-07   4.55840e+09  -2.27920e+09   1.13960e+09  -1.18907e-24   4.13590e-25  -7.97720e+09   4.55840e+09  -4.76837e-06  -1.13960e+09  -5.69800e+08   5.69800e+08  -1.13960e+09  -2.27920e+09  -1.13960e+09  -5.69800e+08  -5.69800e+08
   7.63250e+08   1.18519e+06  -3.04144e+09   7.34554e+06  -3.04144e+09   7.63250e+08  -1.18519e+06  -6.77249e+05   4.78948e-11  -2.64105e-09   4.55840e+09  -3.05488e+09   2.09548e-09   6.77249e+05  -1.01863e-10   1.47805e-09  -1.34390e-09   0.00000e+00  -3.04269e+09   0.00000e+00   3.14321e-09   8.03266e-09  -2.38419e-07   6.10600e+09  -4.65661e-10   1.65376e-09  -1.54817e-09   4.76837e-07  -3.04269e+09  -9.31323e-10   2.18279e-11   6.77249e+05   6.27803e-10   4.99991e-10  -4.55840e+09  -3.05488e+09   1.62981e-09  -6.77249e+05   7.63250e+08  -1.18519e+06  -3.04144e+09   7.34554e+06  -3.04144e+09   7.63250e+08   1.18519e+06
   1.18519e+06   7.63250e+08  -6.77249e+05  -1.38243e-10   6.77249e+05  -1.18519e+06   7.63250e+08  -3.04144e+09   8.16476e-11   2.21449e-09  -2.38419e-07   1.39698e-09  -3.04269e+09  -3.04144e+09   7.34554e+06   8.13104e-09   1.08366e-09   4.55840e+09  -2.32831e-10  -3.05488e+09   1.35624e-08  -3.72529e-09  -9.53674e-07  -4.65661e-10   6.10600e+09   5.98839e-09  -6.93301e-10  -4.55840e+09  -4.65661e-10  -3.05488e+09   7.34554e+06  -3.04144e+09   7.51578e-10   7.74660e-10  -2.38419e-07   9.31323e-10  -3.04269e+09  -3.04144e+09  -1.18519e+06   7.63250e+08   6.77249e+05  -4.65661e-10  -6.77249e+05   1.18519e+06   7.63250e+08
   0.00000e+00   0.00000e+00   0.00000e+00   1.57731e-09   4.17766e-10  -7.27054e-10   1.39849e-09   0.00000e+00  -6.52671e-06  -5.07937e+09  -5.16988e-26   2.28041e-09  -1.96645e-08  -1.48005e-08   0.00000e+00   0.00000e+00   0.00000e+00   0.00000e+00   0.00000e+00   0.00000e+00  -2.98901e+10  -9.53674e-07   1.74483e-24   1.65376e-09   5.98839e-09   6.79853e+10  -1.84774e-06   3.10193e-25   6.72929e-09  -3.80772e-08  -2.11351e-09   0.00000e+00  -1.96695e-05   5.07937e+09   8.78879e-25   4.23885e-09  -9.24977e-10  -3.45206e-09   0.00000e+00   0.00000e+00   0.00000e+00  -4.37100e-10  -1.55913e-09  -2.14798e-09  -2.49442e-09
   0.00000e+00   0.00000e+00   0.00000e+00  -1.51109e-09  -5.14709e-10  -1.71940e-09   1.01268e-09   0.00000e+00  -5.07937e+09   1.78814e-06   3.10193e-25  -4.24000e-09  -2.71866e-09  -3.19471e-09   0.00000e+00   0.00000e+00   0.00000e+00   0.00000e+00   0.00000e+00   0.00000e+00  -1.90735e-06  -7.03297e+09   2.50739e-24  -1.54817e-09  -6.93301e-10  -1.84774e-06   3.75092e+10   1.96455e-24  -7.51001e-09  -1.08747e-08   6.17998e-10   0.00000e+00   5.07937e+09  -1.64211e-05   1.34417e-24   1.11747e-08   7.01953e-10  -2.71866e-09   0.00000e+00   0.00000e+00   0.00000e+00   2.50011e-09   2.45243e-10  -6.36893e-10  -2.01931e-09
   0.00000e+00   0.00000e+00   0.00000e+00   1.13960e+09  -4.55840e+09   1.13960e+09  -4.76829e-07   0.00000e+00   3.61892e-25  -6.20385e-25  -1.19209e-06  -4.55840e+09  -4.55840e+09   4.55840e+09   0.00000e+00   0.00000e+00   0.00000e+00   0.00000e+00   0.00000e+00   0.00000e+00   2.94683e-24  -5.16988e-25  -7.97720e+09   4.76837e-07  -4.55840e+09   3.10193e-25   1.96455e-24   2.27920e+10   9.53674e-07   5.78167e-06   4.55840e+09   0.00000e+00   3.61892e-25  -4.13590e-25  -7.33137e-06   4.55840e+09  -4.55840e+09   4.55840e+09   0.00000e+00   0.00000e+00   0.00000e+00  -1.13960e+09   4.55840e+09  -1.13960e+09  -1.01330e-06
   0.00000e+00   0.00000e+00   0.00000e+00  -3.04144e+09   6.07662e+09  -3.04144e+09   6.77249e+05   0.00000e+00   8.17187e-09  -3.27116e-09   4.55840e+09   9.11681e+09  -2.70899e+06   2.70899e+06   0.00000e+00   0.00000e+00   0.00000e+00   0.00000e+00   0.00000e+00   0.00000e+00  -5.53889e-09   5.79163e-09   9.53674e-07  -3.04269e+09  -4.65661e-10   6.72929e-09  -7.51001e-09   9.53674e-07   2.43315e+10   2.27340e-10   1.16415e-09   0.00000e+00  -3.05826e-10   1.91746e-09  -4.55840e+09   9.11681e+09   2.70899e+06  -2.70899e+06   0.00000e+00   0.00000e+00   0.00000e+00  -3.04144e+09   6.07662e+09  -3.04144e+09  -6.77249e+05
   0.00000e+00   0.00000e+00   0.00000e+00  -6.77249e+05   1.55640e-10   6.77249e+05  -3.04347e+09   0.00000e+00  -5.83692e-09  -2.38022e-10   4.55840e+09  -2.70899e+06   9.11681e+09   9.11681e+09   0.00000e+00   0.00000e+00   0.00000e+00   0.00000e+00   0.00000e+00   0.00000e+00  -8.43412e-09  -2.75459e-09   4.55840e+09  -9.31323e-10  -3.05488e+09  -3.80772e-08  -1.08747e-08   5.78167e-06   2.27340e-10   2.43477e+10  -3.05488e+09   0.00000e+00   3.59171e-09   3.41197e-09   4.55840e+09   2.70899e+06   9.11681e+09   9.11681e+09   0.00000e+00   0.00000e+00   0.00000e+00   6.77249e+05   2.88606e-10  -6.77249e+05  -3.04347e+09
   0.00000e+00   0.00000e+00   0.00000e+00   1.18519e+06  -6.77249e+05  -3.90720e+04   2.65690e+06   0.00000e+00   1.13530e-09  -2.14005e-10  -1.13960e+09  -6.77249e+05  -3.04144e+09  -1.52134e+09   0.00000e+00   0.00000e+00   0.00000e+00   0.00000e+00   0.00000e+00   0.00000e+00  -1.24858e-09  -5.23004e-10  -2.27920e+09   2.18279e-11   7.34554e+06  -2.11351e-09   6.17998e-10   4.55840e+09   1.16415e-09  -3.05488e+09   3.05300e+09   0.00000e+00  -2.93116e-09   3.16463e-09  -1.13960e+09   6.77249e+05  -3.04144e+09  -1.52134e+09   0.00000e+00   0.00000e+00   0.00000e+00  -1.18519e+06   6.77249e+05   3.90720e+04   2.65690e+06
   0.00000e+00   0.00000e+00   0.00000e+00   0.00000e+00   0.00000e+00   0.00000e+00   0.00000e+00   0.00000e+00   0.00000e+00   0.00000e+00   0.00000e+00   0.00000e+00   0.00000e+00   0.00000e+00  -1.52134e+09  -8.37556e-09  -2.29370e-10  -4.55840e+09   2.70899e+06   9.11681e+09  -6.61800e-09  -2.03813e-09   1.13960e+09   6.77249e+05  -3.04144e+09   0.00000e+00   0.00000e+00   0.00000e+00   0.00000e+00   0.00000e+00   0.00000e+00   1.21657e+10  -2.04865e-11  -6.17998e-10  -4.55840e+09  -9.12200e-10   6.07662e+09   0.00000e+00   1.51079e+06  -1.52134e+09  -2.70899e+06  -6.77249e+05   0.00000e+00   0.00000e+00   0.00000e+00
   0.00000e+00   0.00000e+00   0.00000e+00   0.00000e+00   0.00000e+00   0.00000e+00   0.00000e+00   0.00000e+00   0.00000e+00   0.00000e+00   0.00000e+00   0.00000e+00   0.00000e+00   0.00000e+00  -1.84865e-09  -1.34706e-05  -5.07937e+09  -1.03398e-24  -1.14136e-09  -2.04865e-11  -7.03297e+09   4.29153e-06  -1.18907e-24   6.27803e-10   7.51578e-10  -1.96695e-05   5.07937e+09   3.61892e-25  -3.05826e-10   3.59171e-09  -2.93116e-09  -2.04865e-11   3.75092e+10  -7.03335e-06  -1.08567e-24   1.95382e-09  -7.66062e-09  -2.48980e-10  -5.12403e-10   4.89897e-10   3.19097e-09   5.13556e-10  -1.14136e-09   3.51641e-09  -7.27342e-10
   0.00000e+00   0.00000e+00   0.00000e+00   0.00000e+00   0.00000e+00   0.00000e+00   0.00000e+00   0.00000e+00   0.00000e+00   0.00000e+00   0.00000e+00   0.00000e+00   0.00000e+00   0.00000e+00  -2.14005e-10  -5.07937e+09  -6.64592e-06  -2.06795e-25  -3.62950e-10  -5.27461e-09   3.33786e-06  -2.98901e+10   4.13590e-25   4.99991e-10   7.74660e-10   5.07937e+09  -1.64211e-05  -4.13590e-25   1.91746e-09   3.41197e-09   3.16463e-09  -6.17998e-10  -7.03335e-06   6.79853e+10   3.82571e-24  -3.08525e-08  -3.80059e-09   2.55595e-09  -4.05679e-09  -1.30199e-09  -1.22809e-08  -1.00916e-08   4.54126e-10  -4.32395e-09   1.64864e-09
